7200
0.119549
0.173441
0.140116
0.096113
0.207502
0.099117
0.088198
0.066097
0.129068
0.176966
0.178652
0.104512
0.049053
0.102174
0.099671
0.024049
0.105174
0.113301
0.128098
0.191215
0.046972
0.089438
0.296466
0.095964
0.099093
0.214533
0.160361
0.252778
0.189508
0.143597
0.163928
0.085054
0.131860
0.149729
0.141423
0.180729
0.235086
0.166224
0.167181
0.185334
0.099674
0.064794
0.033391
0.113001
0.092851
0.084933
0.238485
0.194695
0.195495
0.125787
0.117201
0.068415
0.176993
0.127055
0.113430
0.095568
0.022210
0.179755
0.158771
0.179709
0.170844
0.212769
0.121145
0.183661
0.124045
0.155709
0.306436
0.108333
0.129925
0.125038
0.132563
0.195708
0.235253
0.217162
0.219000
0.143083
0.193525
0.178336
0.098118
0.181670
0.068077
0.257471
0.137365
0.146480
0.076599
0.023386
0.224710
0.176200
0.085520
0.142306
0.068266
0.107861
0.059940
0.054651
0.238424
0.050376
0.056653
0.126958
0.173453
0.101957
0.112950
0.188341
0.103043
0.188858
0.119486
0.079633
0.197756
0.162429
0.141259
0.135462
0.053462
0.065951
0.063282
0.245779
0.149434
0.156958
0.101803
0.215036
0.146865
0.062245
0.105779
0.224822
0.173765
0.182218
0.142945
0.170018
0.148576
0.234784
0.083553
0.098201
0.065982
0.083252
0.111920
0.199242
0.109940
0.132217
0.273043
0.172909
0.132322
0.192156
0.205140
0.073237
0.130438
0.151010
0.096655
0.257330
0.149052
0.072764
0.076612
0.072778
0.171158
0.161276
0.085401
0.140155
0.040668
0.282914
0.197627
0.156153
0.184367
0.044717
0.105257
0.086415
0.114499
0.180689
0.204365
0.107850
0.243647
0.179729
0.082896
0.163412
0.128056
0.194041
0.223730
0.050644
0.149531
0.180856
0.033320
0.129731
0.130754
0.134418
0.164133
0.185808
0.030595
0.208734
0.075769
0.133083
0.060498
0.090578
0.057793
0.079544
0.160751
0.100300
0.322543
0.226305
0.106466
0.174110
0.185912
0.060541
0.072004
0.062098
0.173048
0.140443
0.174906
0.168648
0.024219
0.094170
0.110140
0.178591
0.068622
0.187429
0.205300
0.329378
0.270332
0.120343
0.227980
0.172722
0.224416
0.220164
0.139159
0.384005
0.188070
0.151267
0.187729
0.193167
0.131857
0.142000
0.168285
0.086430
0.177162
0.123364
0.244386
0.081342
0.181555
0.091034
0.183424
0.189848
0.107723
0.146472
0.166707
0.082907
0.166473
0.070841
0.227425
0.153502
0.064692
0.109591
0.063514
0.198999
0.142500
0.164892
0.161666
0.056753
0.212030
0.259154
0.141967
0.201604
0.109936
0.162952
0.175717
0.031559
0.166778
0.122257
0.097498
0.205764
0.104130
0.029902
0.104746
0.154765
0.271938
0.024214
0.093307
0.188676
0.103910
0.084358
0.213693
0.141912
0.166171
0.281853
0.059956
0.296898
0.242803
0.177915
0.214063
0.205328
0.288832
0.340050
0.194656
0.130838
0.115026
0.123591
0.163222
0.015781
0.130158
0.104526
0.043141
0.120323
0.070047
0.219234
0.133812
0.108416
0.087559
0.106116
0.183691
0.132411
0.300430
0.115267
0.146506
0.067671
0.254513
0.208085
0.128663
0.135100
0.147037
0.121857
0.167366
0.259617
0.122242
0.137838
0.039136
0.111773
0.200988
0.201860
0.031777
0.138457
0.087732
0.175097
0.213690
0.099129
0.122579
0.219897
0.125687
0.113012
0.183306
0.137245
0.187118
0.085561
0.297257
0.329304
0.187057
0.201186
0.100008
0.051280
0.091137
0.158534
0.216843
0.064541
0.079480
0.107819
0.158654
0.129621
0.072944
0.102654
0.072177
0.086378
0.130018
0.173053
0.104130
0.138433
0.134706
0.089891
0.105621
0.044147
0.124249
0.210716
0.174526
0.243728
0.115700
0.267799
0.217696
0.197589
0.081004
0.129902
0.114742
0.194008
0.173790
0.093504
0.215719
0.123642
0.122073
0.151354
0.164728
0.229040
0.105986
0.090171
0.190131
0.170078
0.238265
0.085067
0.134831
0.203860
0.082961
0.191177
0.197206
0.182473
0.082546
0.088023
0.105670
0.155126
0.079053
0.038070
0.182470
0.234355
0.073172
0.227923
0.229352
0.064415
0.093512
0.185083
0.162098
0.054394
0.142114
0.108319
0.053309
0.141307
0.216595
0.022046
0.206041
0.127087
0.067854
0.136374
0.171460
0.148944
0.064991
0.270459
0.212523
0.248291
0.094939
0.178745
0.108966
0.184538
0.059895
0.191706
0.106408
0.094371
0.129589
0.111235
0.188447
0.109395
0.130647
0.117556
0.155251
0.109271
0.129498
0.201024
0.103533
0.131575
0.108710
0.051529
0.259378
0.301627
0.164587
0.113542
0.130730
0.212993
0.141115
0.082549
0.162025
0.160130
0.046401
0.175117
0.143966
0.077578
0.117229
0.210017
0.065717
0.093616
0.125719
0.038511
0.226183
0.087375
0.113884
0.287976
0.075922
0.094188
0.224509
0.190426
0.073891
0.224897
0.083997
0.165388
0.168295
0.288372
0.129908
0.150019
0.181422
0.219968
0.172227
0.156463
0.146525
0.218776
0.190562
0.263660
0.064181
0.163233
0.141112
0.139977
0.100957
0.154082
0.190282
0.077852
0.078183
0.116682
0.123852
0.151817
0.024951
0.110371
0.171940
0.099036
0.222077
0.110643
0.115641
0.090274
0.154346
0.100925
0.199076
0.175411
0.225290
0.148722
0.157526
0.166285
0.195500
0.060906
0.202210
0.072786
0.207983
0.289275
0.137339
0.110742
0.158161
0.097070
0.273648
0.320025
0.209370
0.100772
0.130845
0.129381
0.111669
0.137089
0.182058
0.184710
0.173578
0.040154
0.149645
0.215166
0.133247
0.123067
0.025255
0.057226
0.123739
0.201849
0.102457
0.207186
0.177910
0.104372
0.075285
0.155001
0.130198
0.033495
0.277879
0.143876
0.173718
0.123450
0.096146
0.172341
0.055780
0.166464
0.051745
0.143024
0.204977
0.078151
0.113496
0.169993
0.158124
0.239023
0.117797
0.105160
0.061561
0.160885
0.135758
0.175789
0.049946
0.121286
0.132465
0.164690
0.259849
0.239339
0.100722
0.088022
0.128517
0.213531
0.177950
0.137510
0.178193
0.131176
0.251665
0.195009
0.160754
0.143061
0.112934
0.078476
0.226014
0.153240
0.156656
0.104950
0.161380
0.171353
0.180246
0.188747
0.135558
0.096998
0.126943
0.109927
0.102876
0.121997
0.129767
0.159306
0.093384
0.321798
0.125832
0.139092
0.160778
0.188857
0.093502
0.161858
0.119570
0.079102
0.073021
0.060297
0.212367
0.095365
0.169270
0.209983
0.180346
0.122016
0.100952
0.102170
0.198016
0.063343
0.046022
0.171297
0.043958
0.153582
0.130777
0.160922
0.192571
0.254243
0.197484
0.043662
0.233904
0.129640
0.164590
0.188784
0.185079
0.112168
0.187281
0.291695
0.140680
0.172967
0.153885
0.053624
0.189352
0.063380
0.153477
0.199902
0.157277
0.121300
0.018446
0.173160
0.150804
0.198670
0.069936
0.275450
0.176493
0.050720
0.140030
0.167060
0.186275
0.110673
0.075697
0.110534
0.142670
0.114911
0.084116
0.107647
0.120662
0.232314
0.097269
0.082686
0.140712
0.105369
0.098208
0.160552
0.103277
0.212899
0.163035
0.081495
0.150128
0.103107
0.157388
0.051061
0.054397
0.113614
0.133734
0.190074
0.153435
0.196829
0.145802
0.245770
0.171932
0.119792
0.054421
0.150678
0.101303
0.182418
0.089109
0.232316
0.111215
0.137154
0.099290
0.251242
0.184481
0.183828
0.110834
0.072250
0.284093
0.091586
0.042338
0.215559
0.189559
0.257160
0.064097
0.027879
0.179979
0.085061
0.159874
0.170794
0.178708
0.151796
0.133188
0.081846
0.124795
0.120116
0.255959
0.082977
0.212125
0.073267
0.179712
0.225860
0.267785
0.126634
0.154006
0.065331
0.256600
0.079858
0.229721
0.184976
0.121186
0.087448
0.125949
0.117159
0.101688
0.179888
0.246164
0.216488
0.185324
0.144755
0.067651
0.236525
0.201301
0.268445
0.147232
0.157909
0.161904
0.197402
0.165867
0.116883
0.175832
0.148343
0.119098
0.076339
0.156953
0.126355
0.235451
0.073094
0.091328
0.136203
0.201691
0.178609
0.096864
0.098663
0.191143
0.204155
0.103756
0.347249
0.077599
0.171692
0.121411
0.122315
0.190376
0.054877
0.041416
0.043047
0.241949
0.219623
0.274739
0.104189
0.201231
0.162002
0.029942
0.201131
0.174171
0.118685
0.147423
0.171709
0.138048
0.102946
0.128322
0.252026
0.074957
0.164037
0.165526
0.222156
0.161872
0.219745
0.130081
0.129235
0.110813
0.115428
0.143955
0.077907
0.081950
0.091717
0.188252
0.323370
0.093537
0.159427
0.390740
0.171611
0.153130
0.114132
0.164501
0.185581
0.101257
0.169289
0.154834
0.137395
0.180763
0.076779
0.141875
0.124804
0.109157
0.272586
0.244472
0.068769
0.274641
0.213399
0.153739
0.054624
0.094772
0.098520
0.088584
0.200970
0.133436
0.156218
0.295860
0.200134
0.054243
0.176882
0.109628
0.161891
0.124172
0.305997
0.112046
0.136029
0.245538
0.233692
0.123915
0.138677
0.026541
0.173273
0.084373
0.092503
0.305906
0.196305
0.090682
0.289672
0.113903
0.057855
0.126664
0.114605
0.081352
0.080431
0.198387
0.253934
0.073512
0.063716
0.055858
0.101149
0.178167
0.203794
0.187145
0.129752
0.187331
0.128883
0.151836
0.305823
0.061395
0.075619
0.148182
0.162522
0.042649
0.201142
0.070764
0.176917
0.146634
0.175582
0.118452
0.169830
0.273050
0.133520
0.047515
0.115344
0.272833
0.106585
0.106683
0.187604
0.153324
0.134396
0.169260
0.016838
0.224396
0.111424
0.155572
0.130514
0.215069
0.208231
0.248918
0.166473
0.039769
0.192917
0.100182
0.068986
0.200783
0.205149
0.126780
0.193413
0.124517
0.061973
0.098022
0.063978
0.164825
0.084713
0.182383
0.226787
0.264576
0.171135
0.277806
0.062987
0.071783
0.082103
0.255340
0.178566
0.175734
0.102409
0.129910
0.099246
0.249825
0.182704
0.201637
0.236240
0.153515
0.228826
0.127564
0.108334
0.142017
0.094357
0.133315
0.178014
0.164574
0.190383
0.223611
0.120783
0.190503
0.041787
0.071877
0.190272
0.140845
0.106736
0.077816
0.164184
0.195724
0.079781
0.155382
0.216334
0.173861
0.197037
0.217204
0.128802
0.157216
0.089311
0.128042
0.105957
0.161024
0.107087
0.290615
0.062496
0.149031
0.127910
0.093702
0.054122
0.234654
0.112719
0.222236
0.190115
0.047515
0.071993
0.164813
0.212659
0.050377
0.111207
0.239505
0.170037
0.129820
0.115665
0.176491
0.098694
0.122159
0.068894
0.165659
0.130980
0.102846
0.038120
0.091626
0.026200
0.138198
0.166001
0.202557
0.175219
0.123019
0.082197
0.139903
0.114646
0.224944
0.137172
0.170992
0.123038
0.106550
0.050680
0.071408
0.161642
0.096394
0.091679
0.193917
0.170396
0.281652
0.124813
0.192630
0.092845
0.224620
0.168964
0.164908
0.163034
0.177369
0.099798
0.112064
0.193269
0.063964
0.153777
0.155797
0.236515
0.071687
0.112774
0.136768
0.173305
0.174766
0.209442
0.205753
0.287295
0.153900
0.194259
0.147043
0.186020
0.272704
0.172131
0.128824
0.173405
0.115279
0.052748
0.162053
0.089231
0.172668
0.184560
0.115093
0.175489
0.036903
0.120094
0.026551
0.308480
0.091916
0.162160
0.097722
0.180576
0.040834
0.183973
0.143905
0.145315
0.019422
0.123809
0.200134
0.083910
0.176360
0.236935
0.151636
0.150623
0.071575
0.175818
0.107829
0.018017
0.298863
0.178068
0.150157
0.101053
0.119646
0.104373
0.211480
0.035722
0.152194
0.172452
0.118333
0.176755
0.196803
0.105145
0.024468
0.189619
0.166675
0.167428
0.075398
0.185961
0.188731
0.125894
0.047133
0.099075
0.226327
0.158763
0.084424
0.130027
0.311299
0.028346
0.331957
0.136827
0.051080
0.215163
0.245634
0.261328
0.065743
0.078910
0.075001
0.146145
0.117670
0.189329
0.174181
0.175560
0.151333
0.197440
0.085641
0.085635
0.173341
0.120277
0.075929
0.187961
0.156684
0.176218
0.128734
0.103089
0.171180
0.276988
0.132819
0.153464
0.154220
0.133978
0.167821
0.175989
0.081311
0.099261
0.202731
0.201584
0.159737
0.178336
0.110213
0.112977
0.220050
0.226270
0.294107
0.170461
0.237852
0.088403
0.147930
0.296118
0.108959
0.198785
0.211729
0.342718
0.046892
0.209246
0.126005
0.151800
0.248015
0.243239
0.135899
0.322489
0.209423
0.016488
0.165963
0.112290
0.021586
0.160945
0.168755
0.133449
0.127374
0.127886
0.057021
0.108724
0.157050
0.161244
0.199937
0.184266
0.203011
0.136350
0.131475
0.192301
0.077783
0.151124
0.115045
0.016273
0.188807
0.114481
0.104037
0.197697
0.150068
0.097398
0.162387
0.208146
0.148010
0.148395
0.183136
0.190673
0.103877
0.124710
0.265483
0.195573
0.233997
0.087112
0.246649
0.083570
0.083331
0.125658
0.153828
0.207284
0.264722
0.187795
0.156697
0.145040
0.164363
0.102698
0.230179
0.177295
0.183323
0.156459
0.167393
0.124525
0.117848
0.172434
0.061569
0.288509
0.172649
0.179934
0.127275
0.206825
0.064429
0.186864
0.146840
0.117522
0.177374
0.161279
0.151013
0.079907
0.111763
0.209025
0.125917
0.071627
0.151183
0.144137
0.178997
0.023532
0.115975
0.043670
0.166922
0.094025
0.096691
0.194097
0.150323
0.132170
0.180437
0.193203
0.085937
0.110558
0.063276
0.083269
0.099438
0.179122
0.046609
0.175394
0.115951
0.172811
0.104568
0.234158
0.085406
0.193009
0.125506
0.123252
0.219753
0.135175
0.218241
0.157307
0.319479
0.102519
0.085039
0.240049
0.196475
0.036467
0.193075
0.160916
0.063286
0.122050
0.087726
0.197904
0.098471
0.061245
0.115814
0.122283
0.095014
0.102520
0.190128
0.211573
0.133147
0.283956
0.134976
0.148813
0.128346
0.230132
0.135996
0.199193
0.124161
0.186641
0.197512
0.051710
0.117269
0.200872
0.219828
0.131414
0.247007
0.258711
0.166718
0.143009
0.143270
0.194471
0.083720
0.124344
0.113392
0.192626
0.166046
0.150994
0.246033
0.062694
0.231376
0.241657
0.101829
0.176681
0.073217
0.062373
0.238471
0.088063
0.166912
0.131201
0.254931
0.154411
0.162113
0.174360
0.122959
0.263725
0.135530
0.063253
0.205404
0.208174
0.204434
0.114993
0.102602
0.124198
0.106117
0.203456
0.216810
0.153375
0.203248
0.125406
0.121216
0.095748
0.110066
0.045494
0.176949
0.189841
0.057632
0.158120
0.257126
0.085082
0.085843
0.167117
0.108560
0.113977
0.154722
0.109130
0.151248
0.180653
0.111746
0.134551
0.135872
0.093707
0.163928
0.241773
0.078024
0.151622
0.278415
0.207311
0.063327
0.257553
0.093298
0.048690
0.189539
0.204933
0.136155
0.056005
0.254656
0.092178
0.215889
0.123359
0.108374
0.053439
0.189408
0.175098
0.132124
0.109944
0.173271
0.251541
0.195479
0.077776
0.221343
0.115948
0.171657
0.103081
0.104673
0.279074
0.070919
0.105623
0.105205
0.212449
0.202175
0.210495
0.198347
0.161329
0.100837
0.133004
0.277831
0.083374
0.087838
0.115577
0.018303
0.214101
0.206933
0.087616
0.117489
0.132045
0.130091
0.038592
0.056162
0.122502
0.191030
0.185558
0.121070
0.212057
0.102184
0.123468
0.111369
0.184340
0.132673
0.100928
0.177026
0.127092
0.116576
0.114060
0.207532
0.111881
0.127266
0.116151
0.135523
0.143337
0.146987
0.148759
0.103564
0.156765
0.100060
0.103139
0.172734
0.145018
0.036972
0.233260
0.230084
0.070136
0.128681
0.137874
0.119141
0.102199
0.229715
0.067288
0.182756
0.165408
0.071831
0.194695
0.187324
0.178965
0.176605
0.112400
0.121837
0.070825
0.171211
0.105692
0.126081
0.187923
0.063051
0.137128
0.080655
0.159895
0.196285
0.107962
0.236231
0.120799
0.127163
0.121707
0.106369
0.055519
0.108474
0.186974
0.127772
0.105153
0.161928
0.173058
0.124117
0.093384
0.041272
0.185922
0.168275
0.310381
0.107756
0.116553
0.178663
0.098485
0.124087
0.232981
0.092410
0.226474
0.086669
0.154942
0.150638
0.162806
0.140894
0.072288
0.251074
0.122786
0.081079
0.226310
0.234615
0.116438
0.098517
0.236315
0.204717
0.295894
0.234592
0.121862
0.196987
0.156463
0.164540
0.111801
0.108359
0.131994
0.073799
0.111363
0.137717
0.177212
0.142530
0.159999
0.146074
0.098797
0.252312
0.177149
0.228424
0.063883
0.118883
0.183734
0.239767
0.153708
0.106034
0.125431
0.173720
0.126370
0.089384
0.168668
0.206218
0.101345
0.161630
0.075702
0.185843
0.159249
0.145208
0.171559
0.223884
0.112816
0.088144
0.109563
0.200234
0.167448
0.023747
0.319037
0.106504
0.130412
0.165988
0.179815
0.247910
0.132881
0.150198
0.135026
0.184010
0.108774
0.296230
0.056971
0.174788
0.184407
0.101799
0.081354
0.139449
0.034137
0.082634
0.172260
0.093276
0.094949
0.061544
0.065187
0.101487
0.228564
0.099962
0.266664
0.164836
0.073694
0.214759
0.105437
0.045545
0.242985
0.172225
0.077007
0.161665
0.166811
0.082590
0.101852
0.248112
0.159114
0.180616
0.144543
0.161826
0.177012
0.129883
0.180094
0.194679
0.078165
0.194752
0.161643
0.020694
0.120638
0.125645
0.186882
0.088082
0.216072
0.153761
0.294226
0.174226
0.149361
0.056013
0.143867
0.095864
0.070927
0.240727
0.123251
0.116404
0.200516
0.169636
0.186085
0.161256
0.205534
0.173796
0.138260
0.057955
0.090750
0.055805
0.072859
0.144141
0.206848
0.084983
0.187453
0.091969
0.174721
0.162755
0.167080
0.164062
0.149438
0.171047
0.172576
0.140223
0.145326
0.297313
0.068424
0.129809
0.175838
0.224440
0.121127
0.138191
0.193036
0.173803
0.189506
0.045379
0.057553
0.142949
0.299340
0.242815
0.180284
0.136668
0.078180
0.074264
0.109962
0.115857
0.177126
0.196314
0.157403
0.171838
0.108189
0.171248
0.034500
0.191430
0.117847
0.223279
0.248309
0.244113
0.055617
0.069066
0.235963
0.242897
0.230833
0.182194
0.058985
0.157543
0.148841
0.062770
0.103417
0.231928
0.125039
0.070402
0.217105
0.050232
0.062126
0.057557
0.084980
0.117336
0.201910
0.073444
0.182076
0.130993
0.187227
0.184064
0.033722
0.111325
0.031941
0.140776
0.048064
0.239709
0.254102
0.073182
0.151352
0.069228
0.055660
0.093532
0.193996
0.246742
0.111758
0.153308
0.149398
0.141779
0.106018
0.090929
0.183038
0.188573
0.171382
0.030659
0.175239
0.100907
0.174224
0.053260
0.091958
0.105131
0.180017
0.197621
0.098469
0.131728
0.065195
0.139435
0.143800
0.105264
0.168533
0.138071
0.078598
0.113258
0.200947
0.300661
0.135580
0.228387
0.099809
0.205810
0.139634
0.205543
0.170536
0.168751
0.178323
0.134255
0.115122
0.162267
0.169802
0.056335
0.102075
0.180999
0.085084
0.138811
0.116002
0.176215
0.083350
0.128869
0.090863
0.139725
0.059968
0.186820
0.172241
0.206681
0.284854
0.236817
0.184494
0.259978
0.223975
0.142853
0.250278
0.051728
0.156345
0.138524
0.184351
0.204359
0.299666
0.152932
0.164238
0.382955
0.163738
0.078514
0.171856
0.199553
0.213438
0.167344
0.109275
0.241222
0.092720
0.087356
0.121445
0.102722
0.158542
0.219874
0.129835
0.090735
0.121918
0.158630
0.143397
0.161959
0.136371
0.119961
0.176246
0.164596
0.146388
0.111195
0.052207
0.129245
0.094514
0.122854
0.046804
0.166148
0.075752
0.176181
0.099134
0.250173
0.232590
0.056813
0.085612
0.147268
0.092919
0.082570
0.164614
0.078504
0.125377
0.222803
0.093498
0.152900
0.187147
0.320971
0.156113
0.080751
0.062933
0.153145
0.215570
0.235513
0.103064
0.121856
0.170140
0.075699
0.119272
0.284549
0.146798
0.071952
0.194248
0.278514
0.085873
0.186724
0.165778
0.099387
0.017662
0.085057
0.197577
0.112435
0.101811
0.166165
0.182105
0.168531
0.212867
0.093947
0.126922
0.226735
0.123614
0.231666
0.009706
0.122443
0.102364
0.052074
0.257063
0.015545
0.156366
0.125935
0.079461
0.208129
0.125377
0.201380
0.082697
0.153927
0.139501
0.065157
0.283705
0.055006
0.156065
0.133272
0.130877
0.120099
0.202139
0.213503
0.202261
0.243117
0.230278
0.277241
0.159272
0.037510
0.198453
0.086777
0.113952
0.151052
0.241182
0.173245
0.051704
0.270715
0.010753
0.240299
0.193593
0.161893
0.194773
0.194075
0.131103
0.154035
0.071266
0.031998
0.115316
0.192919
0.159690
0.044389
0.202963
0.154803
0.133371
0.161984
0.118237
0.100524
0.153504
0.193797
0.122698
0.218145
0.093395
0.184478
0.162224
0.231205
0.090961
0.074551
0.062595
0.141695
0.173440
0.179722
0.111926
0.245692
0.087249
0.059433
0.181351
0.036505
0.147907
0.064637
0.165332
0.275062
0.205527
0.069728
0.048787
0.119882
0.268562
0.221221
0.176522
0.113984
0.175986
0.207283
0.083929
0.247819
0.147864
0.100859
0.117480
0.110382
0.110046
0.164976
0.184653
0.184271
0.094627
0.172326
0.155883
0.285667
0.172292
0.172593
0.181934
0.286079
0.286218
0.120201
0.145491
0.081883
0.163488
0.058287
0.141013
0.139890
0.098979
0.193699
0.132305
0.192037
0.065026
0.163325
0.101582
0.150029
0.048726
0.206687
0.192959
0.224588
0.072471
0.116058
0.095521
0.099970
0.095589
0.089925
0.045047
0.216922
0.080211
0.159870
0.047154
0.159354
0.139559
0.149567
0.174083
0.160361
0.128161
0.129889
0.104292
0.049713
0.062224
0.126765
0.218000
0.169452
0.161463
0.167466
0.148296
0.199472
0.117380
0.111560
0.172018
0.121493
0.175139
0.120314
0.224883
0.133128
0.071712
0.139253
0.098480
0.260687
0.169759
0.231373
0.120724
0.141656
0.127035
0.156894
0.161823
0.222602
0.227639
0.051376
0.269222
0.278632
0.039687
0.264299
0.159721
0.134780
0.101545
0.152042
0.071477
0.194470
0.197211
0.220891
0.116102
0.118213
0.081825
0.132442
0.151043
0.179272
0.128855
0.248835
0.142904
0.062203
0.134896
0.215510
0.108593
0.228954
0.046572
0.091366
0.123397
0.110239
0.137322
0.079162
0.144273
0.129891
0.044317
0.083001
0.165638
0.113353
0.166029
0.126808
0.121761
0.162916
0.095811
0.200592
0.080392
0.101167
0.089568
0.236172
0.141213
0.225303
0.229291
0.263938
0.126065
0.111554
0.202521
0.194503
0.101692
0.223406
0.116135
0.143534
0.140769
0.132956
0.212911
0.141348
0.118918
0.070273
0.034711
0.174370
0.139329
0.110165
0.100637
0.098428
0.269904
0.109070
0.186682
0.090027
0.146013
0.191896
0.063205
0.167377
0.031008
0.145218
0.116253
0.096940
0.110706
0.182607
0.136008
0.068196
0.168137
0.153212
0.194557
0.083693
0.079294
0.099892
0.199263
0.197842
0.097746
0.089469
0.174166
0.109891
0.120410
0.120099
0.072125
0.152343
0.103286
0.176061
0.283076
0.136545
0.202817
0.245061
0.184770
0.082433
0.243020
0.046430
0.082721
0.216362
0.173589
0.047575
0.265150
0.121787
0.109866
0.081218
0.134673
0.124028
0.208905
0.183585
0.078778
0.179889
0.306274
0.260110
0.021745
0.220917
0.197884
0.298404
0.133693
0.135580
0.115994
0.158853
0.102118
0.132056
0.128413
0.170610
0.222399
0.138824
0.077127
0.147634
0.247294
0.246922
0.158603
0.112051
0.081804
0.076414
0.235304
0.162836
0.088128
0.117230
0.147165
0.267209
0.200810
0.200475
0.037214
0.073949
0.160458
0.101814
0.146305
0.064395
0.127547
0.193537
0.109749
0.128702
0.141894
0.381356
0.143725
0.086799
0.183098
0.097045
0.090199
0.172997
0.175259
0.110733
0.064047
0.125232
0.069370
0.174322
0.087657
0.191529
0.224663
0.099807
0.226302
0.084376
0.183160
0.088216
0.124955
0.103512
0.190817
0.309215
0.125029
0.249145
0.272422
0.084644
0.211393
0.128047
0.218737
0.319147
0.172447
0.073784
0.197923
0.137653
0.068504
0.136599
0.234997
0.216323
0.239379
0.221144
0.151212
0.188305
0.053348
0.280852
0.115835
0.225467
0.134126
0.126967
0.173735
0.188984
0.141883
0.118548
0.235634
0.121071
0.187149
0.207712
0.087432
0.129438
0.160907
0.147641
0.245891
0.169388
0.068365
0.022415
0.071403
0.149686
0.165670
0.120828
0.168535
0.230873
0.215535
0.204676
0.090102
0.161997
0.275001
0.159708
0.124151
0.135809
0.289369
0.111915
0.127998
0.131485
0.121955
0.177234
0.108648
0.149766
0.157332
0.151815
0.142428
0.079745
0.055550
0.197092
0.119946
0.225924
0.084247
0.131350
0.145938
0.141021
0.156736
0.173527
0.151251
0.174489
0.209876
0.092020
0.122575
0.103387
0.154408
0.114173
0.133495
0.092178
0.151322
0.110013
0.063851
0.100497
0.255733
0.088568
0.123910
0.046685
0.156530
0.181141
0.183678
0.159797
0.131285
0.104105
0.046550
0.093576
0.082649
0.148886
0.232477
0.149892
0.169110
0.140373
0.197711
0.098009
0.128852
0.026067
0.181269
0.079334
0.128576
0.135510
0.136218
0.152308
0.072600
0.159114
0.168902
0.232703
0.118695
0.074268
0.131957
0.182848
0.114752
0.184694
0.160485
0.080687
0.205244
0.161554
0.135536
0.121131
0.153441
0.037757
0.177127
0.092293
0.065818
0.311676
0.060157
0.220993
0.150808
0.093343
0.085454
0.162386
0.184123
0.036432
0.175960
0.267798
0.130158
0.212249
0.125229
0.207082
0.152126
0.178916
0.080368
0.173528
0.111324
0.195911
0.193954
0.120916
0.164328
0.076400
0.100696
0.024564
0.086992
0.182265
0.141198
0.160584
0.093234
0.176270
0.069865
0.121356
0.113508
0.116224
0.256976
0.100315
0.272494
0.116136
0.027406
0.065563
0.085040
0.112565
0.132148
0.105899
0.079683
0.158075
0.185739
0.104799
0.205923
0.154908
0.215182
0.206527
0.098803
0.107883
0.139966
0.107165
0.217789
0.081392
0.118148
0.236931
0.182827
0.058700
0.302249
0.261954
0.081786
0.211096
0.183843
0.082379
0.079007
0.105422
0.117513
0.183462
0.292150
0.054817
0.132525
0.154878
0.124731
0.134918
0.243004
0.206473
0.153434
0.123464
0.142844
0.222815
0.070705
0.255599
0.165673
0.178277
0.141388
0.091032
0.106676
0.195382
0.259557
0.172450
0.260809
0.183544
0.203514
0.106967
0.181436
0.277945
0.099578
0.205142
0.139071
0.140376
0.177078
0.111276
0.222122
0.112758
0.276348
0.121029
0.089492
0.157764
0.226655
0.283270
0.113414
0.207206
0.123793
0.060717
0.240987
0.040438
0.128609
0.144372
0.102349
0.191765
0.132542
0.098600
0.117106
0.089192
0.150965
0.149751
0.121185
0.123418
0.139310
0.175768
0.178325
0.122828
0.116651
0.239006
0.181693
0.075145
0.120191
0.141715
0.102849
0.176207
0.110550
0.217294
0.149219
0.167994
0.106157
0.222671
0.063811
0.107701
0.099046
0.208428
0.224228
0.167607
0.126860
0.160274
0.263058
0.317225
0.162641
0.108082
0.268323
0.209137
0.169262
0.140584
0.152650
0.330544
0.100101
0.182808
0.079730
0.173667
0.232705
0.181400
0.104697
0.155842
0.138589
0.110559
0.131532
0.125837
0.180233
0.198599
0.148675
0.267054
0.227089
0.072668
0.096186
0.247907
0.202513
0.226926
0.075612
0.136561
0.108242
0.087732
0.174030
0.102874
0.122091
0.075751
0.167439
0.221049
0.130872
0.133247
0.141556
0.076211
0.228897
0.172184
0.195876
0.121328
0.114376
0.267444
0.135811
0.160074
0.130423
0.202684
0.033295
0.145236
0.130519
0.225500
0.133734
0.105097
0.077147
0.171719
0.150122
0.206542
0.296095
0.217843
0.141987
0.296566
0.122863
0.177922
0.088334
0.237053
0.237067
0.197202
0.065736
0.144249
0.190775
0.136672
0.158669
0.080572
0.045576
0.208070
0.151521
0.137693
0.187273
0.156568
0.086038
0.100964
0.301907
0.100477
0.082226
0.229114
0.121159
0.250928
0.176795
0.123280
0.236486
0.178257
0.233001
0.098962
0.144799
0.076898
0.195910
0.043012
0.170659
0.241914
0.136266
0.017677
0.123142
0.122479
0.093764
0.065300
0.187519
0.194301
0.246402
0.100964
0.195269
0.078073
0.077880
0.249302
0.140492
0.179728
0.175185
0.268433
0.156088
0.123662
0.183882
0.078504
0.111934
0.021928
0.177904
0.098556
0.128820
0.157523
0.177122
0.056028
0.115219
0.128684
0.158222
0.165951
0.118790
0.113137
0.138955
0.098571
0.047087
0.174727
0.175638
0.188041
0.057098
0.149160
0.125587
0.072409
0.147546
0.054837
0.186935
0.162367
0.181252
0.029683
0.110149
0.141275
0.207005
0.064816
0.144727
0.141813
0.183708
0.110099
0.086557
0.221027
0.154240
0.173059
0.242848
0.109106
0.104922
0.184755
0.291542
0.212971
0.206239
0.066225
0.178250
0.111365
0.053055
0.083949
0.254511
0.160230
0.151290
0.132802
0.191875
0.296445
0.126689
0.125091
0.291956
0.092992
0.121801
0.121957
0.094655
0.343314
0.056846
0.120449
0.153061
0.219431
0.288623
0.097890
0.080710
0.162341
0.168882
0.179993
0.163217
0.201007
0.091719
0.181786
0.176110
0.190415
0.189332
0.118074
0.280193
0.189060
0.125935
0.159883
0.137844
0.159584
0.086367
0.252123
0.176028
0.116295
0.112927
0.242237
0.182250
0.096129
0.178287
0.164620
0.155728
0.100923
0.090726
0.228791
0.061933
0.070293
0.113916
0.232378
0.095049
0.229426
0.183209
0.081584
0.127966
0.119801
0.098299
0.153488
0.095413
0.149207
0.193168
0.042702
0.217611
0.050841
0.211509
0.082462
0.180479
0.156827
0.081260
0.155910
0.183260
0.071339
0.088326
0.175648
0.130770
0.161876
0.083018
0.224298
0.184005
0.082437
0.162038
0.026022
0.192752
0.100411
0.093517
0.107773
0.106102
0.085389
0.104115
0.179692
0.215059
0.147143
0.138676
0.062653
0.160633
0.308040
0.049918
0.165105
0.114955
0.156496
0.166709
0.162984
0.152539
0.154288
0.148618
0.176650
0.168224
0.088233
0.079465
0.137395
0.203696
0.137024
0.261535
0.138818
0.056857
0.056759
0.128789
0.158038
0.082992
0.100771
0.052411
0.123264
0.122791
0.191434
0.118641
0.088583
0.135725
0.071786
0.063171
0.198590
0.162558
0.223578
0.227109
0.107792
0.161666
0.161494
0.039644
0.062802
0.217951
0.070710
0.242720
0.120129
0.093334
0.151857
0.111444
0.102765
0.099127
0.175956
0.146343
0.155618
0.096035
0.175182
0.155474
0.232017
0.180527
0.222870
0.144889
0.141098
0.183844
0.208611
0.173350
0.136190
0.136328
0.198956
0.197564
0.213548
0.080552
0.078384
0.204148
0.248829
0.205734
0.139910
0.144417
0.087036
0.070488
0.131872
0.223080
0.086238
0.074737
0.157507
0.104093
0.195527
0.125041
0.254313
0.159456
0.153570
0.094180
0.121077
0.185811
0.058626
0.112308
0.062444
0.202861
0.138403
0.014306
0.222977
0.108791
0.097212
0.094699
0.175711
0.042499
0.080529
0.153805
0.129409
0.129774
0.130511
0.108809
0.153523
0.115308
0.128936
0.305992
0.207873
0.166718
0.260165
0.147846
0.121915
0.209892
0.130601
0.206458
0.159458
0.101769
0.180475
0.080903
0.133501
0.247053
0.146616
0.233947
0.120628
0.160349
0.115311
0.196935
0.134268
0.077650
0.183554
0.165271
0.189202
0.125110
0.088112
0.083990
0.319243
0.105020
0.240594
0.170595
0.078610
0.156722
0.175717
0.120208
0.195928
0.086035
0.118064
0.222330
0.162906
0.132983
0.149578
0.121779
0.069977
0.104591
0.199166
0.096870
0.120987
0.306580
0.185223
0.204528
0.247482
0.188257
0.095475
0.206217
0.104463
0.152239
0.219190
0.175226
0.034536
0.138810
0.218934
0.172271
0.245005
0.159626
0.182852
0.128763
0.245248
0.051455
0.137340
0.120577
0.147236
0.159863
0.165501
0.087150
0.087981
0.211892
0.070104
0.122461
0.127815
0.233316
0.211028
0.129521
0.067527
0.078804
0.260348
0.178767
0.145741
0.124355
0.146440
0.130902
0.236272
0.080976
0.175474
0.141675
0.168448
0.074453
0.113716
0.103946
0.180236
0.203660
0.167976
0.222971
0.128338
0.107020
0.073592
0.250464
0.163909
0.174496
0.182559
0.049927
0.070314
0.226904
0.201650
0.058367
0.197114
0.172842
0.144520
0.069156
0.080706
0.097843
0.184167
0.198880
0.247261
0.116009
0.335062
0.150543
0.151142
0.188317
0.097295
0.166907
0.190982
0.027018
0.018442
0.303411
0.166481
0.121139
0.127569
0.166796
0.111636
0.075119
0.151583
0.141084
0.035376
0.215450
0.034216
0.066046
0.067922
0.185619
0.119023
0.197816
0.135716
0.167341
0.164836
0.175839
0.130569
0.156350
0.140799
0.111374
0.015042
0.074283
0.057151
0.173932
0.183056
0.115787
0.213262
0.111903
0.204345
0.079453
0.052843
0.314011
0.192738
0.224364
0.055795
0.117477
0.182858
0.106608
0.171090
0.155483
0.162969
0.165975
0.151904
0.149425
0.116165
0.230496
0.061606
0.128874
0.185891
0.146718
0.191496
0.110885
0.209482
0.177326
0.034160
0.201344
0.110342
0.081158
0.209118
0.039431
0.098082
0.101755
0.161104
0.190276
0.178083
0.144438
0.168651
0.114540
0.186664
0.062174
0.117427
0.192649
0.076994
0.192063
0.172262
0.203424
0.076385
0.180286
0.191093
0.165784
0.057252
0.245245
0.241799
0.300712
0.139038
0.080535
0.064428
0.152150
0.057484
0.069503
0.107079
0.121191
0.138905
0.041115
0.107435
0.034182
0.259923
0.071194
0.087473
0.132702
0.134553
0.070273
0.229877
0.157627
0.218453
0.197853
0.125379
0.163115
0.081894
0.142948
0.090128
0.102026
0.098085
0.076607
0.048687
0.090200
0.127478
0.024633
0.181384
0.233872
0.100545
0.173372
0.046835
0.177451
0.154177
0.245380
0.044718
0.102899
0.118137
0.081991
0.179691
0.249340
0.133447
0.121716
0.237607
0.190569
0.097503
0.050087
0.182679
0.069395
0.075775
0.129190
0.244814
0.175605
0.080605
0.114261
0.178072
0.044624
0.256195
0.204380
0.276709
0.340053
0.169454
0.122066
0.312951
0.106637
0.047482
0.231897
0.282275
0.069729
0.069798
0.246565
0.147190
0.149720
0.228483
0.093613
0.152709
0.147879
0.153889
0.067391
0.065258
0.182759
0.133888
0.052857
0.129943
0.194186
0.097522
0.078995
0.143932
0.185219
0.313750
0.175653
0.138341
0.098896
0.125757
0.131055
0.029432
0.138980
0.179768
0.081430
0.147823
0.057397
0.187741
0.065859
0.117794
0.141612
0.156440
0.092951
0.079875
0.190614
0.139032
0.100491
0.115685
0.110125
0.178414
0.116927
0.176042
0.164211
0.104033
0.145194
0.029027
0.246556
0.160391
0.117379
0.079612
0.175006
0.152980
0.142664
0.070405
0.200119
0.192193
0.138542
0.094307
0.100359
0.150315
0.166430
0.190670
0.068002
0.084389
0.107859
0.205265
0.133731
0.105721
0.092756
0.216793
0.250900
0.140248
0.245957
0.075971
0.021161
0.094780
0.189109
0.051014
0.051726
0.107465
0.052498
0.063132
0.167985
0.319634
0.115922
0.073094
0.055329
0.097574
0.146469
0.055700
0.155307
0.110210
0.158599
0.193430
0.111370
0.074445
0.054102
0.223500
0.176516
0.113062
0.230430
0.178055
0.146469
0.095565
0.229400
0.189849
0.313174
0.198984
0.159570
0.076488
0.133050
0.174925
0.185423
0.113137
0.240114
0.113909
0.177759
0.180601
0.152060
0.137668
0.225541
0.100253
0.254091
0.245549
0.175815
0.253631
0.101745
0.223680
0.137803
0.083683
0.150380
0.218861
0.103890
0.179099
0.125261
0.132705
0.122634
0.117443
0.120230
0.241217
0.188167
0.092641
0.248272
0.083682
0.056506
0.087770
0.079645
0.102814
0.178454
0.158561
0.129665
0.219030
0.258971
0.239810
0.315940
0.142803
0.149024
0.200224
0.233455
0.178419
0.137769
0.213900
0.078087
0.160586
0.130900
0.104924
0.101531
0.208951
0.065675
0.208904
0.131758
0.249129
0.056987
0.249730
0.144096
0.108233
0.258601
0.159901
0.154787
0.204458
0.146835
0.183889
0.129265
0.266986
0.086605
0.160427
0.158142
0.078342
0.197072
0.085432
0.178181
0.290733
0.140234
0.158675
0.226908
0.174943
0.255468
0.064845
0.109019
0.170868
0.169527
0.068708
0.150956
0.171182
0.306859
0.117361
0.088155
0.123348
0.203151
0.186105
0.094966
0.203663
0.103903
0.118150
0.188720
0.211326
0.030947
0.186856
0.064989
0.256256
0.094850
0.147863
0.054583
0.135413
0.183992
0.106435
0.135023
0.037147
0.119757
0.232893
0.055133
0.091270
0.079092
0.155981
0.205209
0.223352
0.288200
0.091983
0.058724
0.084311
0.103322
0.138594
0.201109
0.177703
0.185914
0.085176
0.109094
0.120317
0.059042
0.189224
0.105689
0.119200
0.181056
0.168454
0.106766
0.127678
0.077419
0.104137
0.019472
0.188866
0.053512
0.146068
0.062055
0.184442
0.149921
0.251167
0.229785
0.161272
0.071441
0.073215
0.199512
0.226604
0.085320
0.085598
0.168566
0.114518
0.217113
0.166720
0.129824
0.176086
0.088635
0.231621
0.157450
0.244594
0.111517
0.308722
0.148778
0.193295
0.218358
0.140205
0.130470
0.096775
0.227707
0.230640
0.091861
0.092295
0.136295
0.077492
0.183468
0.313678
0.172552
0.165797
0.163946
0.148717
0.153818
0.116651
0.149265
0.098185
0.128843
0.087331
0.189450
0.160855
0.253780
0.288800
0.047524
0.136539
0.062393
0.217782
0.214282
0.156736
0.095240
0.115538
0.068566
0.122020
0.115095
0.185461
0.096771
0.112645
0.075078
0.031636
0.216514
0.206392
0.107855
0.081005
0.051723
0.165002
0.077100
0.162132
0.115730
0.154128
0.267880
0.137906
0.103820
0.194094
0.084338
0.189912
0.127141
0.165366
0.143295
0.216511
0.110926
0.167769
0.217722
0.115799
0.113863
0.172782
0.131034
0.058825
0.208862
0.053167
0.100485
0.115496
0.037934
0.091444
0.035399
0.296936
0.275685
0.053206
0.245923
0.129558
0.251141
0.134705
0.210253
0.060230
0.112953
0.231002
0.054385
0.173084
0.205455
0.070486
0.067786
0.242127
0.136724
0.141044
0.101271
0.287991
0.046755
0.119678
0.161828
0.184066
0.129168
0.108328
0.162629
0.199272
0.056847
0.123800
0.079365
0.176935
0.179599
0.167839
0.154636
0.052969
0.157183
0.158825
0.251440
0.178785
0.180223
0.114829
0.142102
0.060666
0.200640
0.182001
0.082353
0.034977
0.143163
0.208478
0.104224
0.180206
0.062776
0.143004
0.129942
0.200593
0.119758
0.098217
0.243555
0.215107
0.153701
0.125307
0.215094
0.073323
0.192414
0.174689
0.069987
0.264813
0.133547
0.121652
0.129033
0.189667
0.114370
0.095844
0.043418
0.016915
0.199492
0.182462
0.157030
0.237211
0.065897
0.172709
0.024682
0.055977
0.100079
0.132178
0.278300
0.251732
0.039698
0.179992
0.304326
0.110303
0.114341
0.064013
0.220558
0.359362
0.173597
0.179084
0.276356
0.070903
0.075427
0.177763
0.132848
0.107744
0.131598
0.098463
0.202040
0.314071
0.139108
0.153996
0.187635
0.042089
0.089793
0.134062
0.157197
0.103787
0.096083
0.161542
0.112605
0.171118
0.146606
0.057424
0.137410
0.125080
0.112673
0.064975
0.206731
0.209590
0.140972
0.083752
0.111292
0.189368
0.142654
0.227492
0.176819
0.128135
0.216131
0.187623
0.159161
0.207258
0.080036
0.108462
0.141158
0.229214
0.150603
0.182973
0.159924
0.242030
0.285137
0.111564
0.188800
0.320312
0.227073
0.109381
0.212476
0.102983
0.229841
0.127751
0.085113
0.115913
0.309020
0.186475
0.176700
0.123539
0.105288
0.175391
0.123747
0.056482
0.123555
0.103874
0.078421
0.181346
0.096887
0.200195
0.178835
0.174142
0.129138
0.120134
0.101049
0.170980
0.120097
0.066879
0.271408
0.103183
0.203627
0.301882
0.242726
0.171771
0.320665
0.217838
0.153368
0.047478
0.151367
0.157309
0.248884
0.108257
0.084930
0.170774
0.049718
0.124022
0.108638
0.156810
0.185457
0.092418
0.122896
0.201296
0.110517
0.198050
0.125567
0.055137
0.125021
0.121932
0.180768
0.174835
0.113271
0.083017
0.064302
0.167486
0.080111
0.079707
0.122027
0.151902
0.162776
0.165665
0.070232
0.132954
0.137316
0.181291
0.083642
0.169654
0.115404
0.156820
0.165642
0.166545
0.287740
0.188196
0.100002
0.171723
0.225658
0.206064
0.113633
0.120230
0.189407
0.109070
0.200134
0.101955
0.060374
0.105486
0.213147
0.218258
0.091212
0.046330
0.161043
0.145913
0.140518
0.160473
0.205694
0.171020
0.211094
0.080642
0.055428
0.136177
0.149764
0.210772
0.032950
0.259301
0.072715
0.092844
0.151590
0.073421
0.128424
0.270259
0.184621
0.032235
0.170495
0.174525
0.083787
0.264387
0.161653
0.223081
0.161472
0.205587
0.126685
0.119768
0.300070
0.108202
0.140055
0.154456
0.203794
0.149735
0.177471
0.158789
0.071588
0.102254
0.041048
0.058966
0.079008
0.248900
0.104625
0.219537
0.102284
0.053891
0.176963
0.223316
0.178273
0.084205
0.167227
0.094812
0.164123
0.087720
0.183635
0.139161
0.062198
0.087469
0.095127
0.122583
0.182007
0.178498
0.162818
0.116067
0.078489
0.277912
0.125851
0.174501
0.033744
0.157473
0.187785
0.228589
0.060686
0.124517
0.148791
0.188312
0.169701
0.137623
0.202599
0.053512
0.170992
0.194775
0.198102
0.137401
0.072447
0.193966
0.116125
0.090700
0.268767
0.107515
0.174488
0.226929
0.156589
0.157543
0.174989
0.077855
0.140813
0.063438
0.145636
0.200822
0.037416
0.270763
0.090954
0.233688
0.198836
0.142704
0.207891
0.141042
0.151198
0.103554
0.214886
0.169217
0.054279
0.093924
0.278920
0.036422
0.078206
0.159136
0.117294
0.111343
0.101368
0.151285
0.186455
0.090201
0.050551
0.169881
0.130026
0.120009
0.091581
0.169562
0.139881
0.126933
0.126971
0.105193
0.137813
0.120972
0.291722
0.250211
0.227835
0.083427
0.128450
0.123926
0.178675
0.096121
0.168031
0.122002
0.102763
0.197603
0.206700
0.126132
0.181978
0.167087
0.056157
0.175768
0.110002
0.180760
0.059954
0.207733
0.062553
0.109328
0.298145
0.273436
0.214941
0.144394
0.250630
0.181432
0.153247
0.254300
0.131235
0.228169
0.243421
0.157898
0.197210
0.177499
0.319481
0.158944
0.108246
0.266855
0.256514
0.157900
0.121850
0.178227
0.062191
0.096666
0.165087
0.075043
0.135634
0.121831
0.165323
0.175946
0.275719
0.136282
0.160525
0.239893
0.131450
0.100259
0.194799
0.092464
0.104071
0.088251
0.277701
0.205505
0.192631
0.264192
0.099400
0.043558
0.115895
0.120441
0.158521
0.239908
0.181565
0.170300
0.167381
0.126687
0.101924
0.188637
0.096799
0.184669
0.126532
0.120908
0.096090
0.052645
0.108567
0.205705
0.232079
0.212772
0.081136
0.196024
0.172308
0.068476
0.225350
0.047987
0.160801
0.163074
0.130415
0.073794
0.067496
0.153652
0.130656
0.169476
0.220797
0.080048
0.149213
0.200909
0.154566
0.251839
0.077198
0.175083
0.129270
0.143938
0.265007
0.113213
0.085971
0.188924
0.174875
0.065171
0.124028
0.147626
0.116705
0.086423
0.057830
0.130068
0.100578
0.185405
0.072390
0.150166
0.118909
0.174219
0.118402
0.110967
0.144513
0.064228
0.122089
0.167348
0.118624
0.099482
0.118986
0.131970
0.288553
0.130791
0.089114
0.133231
0.091680
0.110354
0.111709
0.115547
0.204293
0.141413
0.165488
0.055168
0.136015
0.121934
0.138729
0.087134
0.209156
0.135506
0.212684
0.246815
0.124640
0.273025
0.083568
0.150903
0.157692
0.193067
0.122985
0.224451
0.140372
0.228904
0.101749
0.276441
0.271084
0.105180
0.203921
0.116520
0.180521
0.227968
0.182348
0.075432
0.134148
0.154401
0.240223
0.184707
0.164494
0.174623
0.132735
0.166863
0.095668
0.209806
0.056679
0.115790
0.149959
0.125867
0.072013
0.180571
0.129951
0.129183
0.247072
0.156420
0.192370
0.112811
0.187729
0.075588
0.115489
0.168135
0.102151
0.055414
0.245765
0.277026
0.120720
0.268083
0.171182
0.120392
0.016427
0.181239
0.140750
0.216706
0.038410
0.185065
0.084700
0.093949
0.265209
0.147216
0.140887
0.111961
0.131752
0.128822
0.084687
0.341937
0.124625
0.300014
0.160832
0.065095
0.215724
0.038176
0.129048
0.148502
0.233356
0.169926
0.146067
0.249714
0.181003
0.260911
0.203614
0.162850
0.077966
0.162778
0.068736
0.120895
0.226477
0.154384
0.250456
0.189330
0.176157
0.110685
0.185933
0.177436
0.205756
0.128165
0.181829
0.287423
0.232518
0.151380
0.109747
0.223799
0.171576
0.073846
0.084694
0.078599
0.089108
0.102441
0.120779
0.209104
0.245271
0.160978
0.161783
0.127706
0.306624
0.275335
0.198369
0.037008
0.229322
0.152428
0.106509
0.172012
0.097950
0.111596
0.145913
0.117769
0.151052
0.188276
0.123403
0.192501
0.158341
0.206209
0.109174
0.150306
0.108954
0.132527
0.144344
0.036772
0.323002
0.138549
0.174716
0.223234
0.090782
0.149947
0.127531
0.106164
0.181538
0.110402
0.151461
0.063892
0.136387
0.090502
0.130921
0.214990
0.130279
0.205810
0.086600
0.141428
0.277011
0.148559
0.155831
0.213259
0.071439
0.120139
0.085761
0.167173
0.229201
0.175764
0.069953
0.150653
0.113781
0.104988
0.137330
0.088263
0.259129
0.165089
0.109070
0.106477
0.274359
0.025793
0.081143
0.151154
0.225825
0.053913
0.121748
0.131497
0.127734
0.152481
0.183597
0.089845
0.091664
0.142722
0.284595
0.122034
0.136502
0.084657
0.150094
0.270689
0.168226
0.164632
0.107679
0.095729
0.103472
0.160650
0.089264
0.162740
0.141352
0.064745
0.157629
0.155227
0.232287
0.119087
0.182472
0.118311
0.289401
0.278352
0.127706
0.232127
0.257794
0.095456
0.164579
0.044333
0.216845
0.113342
0.128530
0.184324
0.208446
0.251910
0.139162
0.181476
0.182704
0.145654
0.131772
0.098926
0.103023
0.138361
0.083195
0.122709
0.139194
0.070482
0.221598
0.169128
0.283962
0.057447
0.156648
0.321844
0.077892
0.200778
0.079268
0.163585
0.170087
0.283633
0.095383
0.096795
0.182381
0.117154
0.175067
0.093982
0.100921
0.082216
0.181222
0.182340
0.186066
0.174664
0.197901
0.207972
0.124390
0.163935
0.100943
0.149067
0.115770
0.282276
0.088303
0.130674
0.114619
0.248216
0.195836
0.072305
0.036018
0.052865
0.172660
0.120218
0.045149
0.091295
0.143954
0.244368
0.233329
0.187377
0.260745
0.226555
0.181848
0.266279
0.134068
0.104052
0.168682
0.138105
0.247693
0.116847
0.174447
0.121250
0.046099
0.138758
0.171727
0.207454
0.119182
0.129494
0.050157
0.127298
0.135623
0.130863
0.193595
0.196049
0.118475
0.124937
0.063688
0.307111
0.022448
0.148569
0.116391
0.188914
0.225543
0.155897
0.167576
0.155230
0.074502
0.158384
0.212004
0.346637
0.176876
0.118162
0.068631
0.038665
0.206047
0.286891
0.162380
0.197400
0.186189
0.173471
0.125191
0.076780
0.197255
0.158187
0.183413
0.189896
0.164345
0.189975
0.233059
0.233175
0.165185
0.072305
0.088749
0.149765
0.068857
0.092860
0.215299
0.050865
0.147330
0.227255
0.263325
0.087930
0.100760
0.045289
0.111624
0.133602
0.191704
0.185351
0.074979
0.131800
0.130257
0.210745
0.151727
0.181757
0.120280
0.054460
0.163350
0.162374
0.168377
0.070549
0.203419
0.086584
0.225228
0.189843
0.189777
0.154708
0.096616
0.136794
0.130158
0.172073
0.120409
0.178211
0.172679
0.071014
0.127873
0.155944
0.133129
0.112453
0.176000
0.096860
0.105352
0.127077
0.166712
0.102439
0.257862
0.171246
0.106912
0.195676
0.082943
0.229838
0.119773
0.217200
0.178272
0.243523
0.128111
0.225362
0.045427
0.180457
0.233629
0.231027
0.216444
0.203270
0.133294
0.173656
0.149863
0.119584
0.289028
0.127312
0.186861
0.205820
0.112607
0.100662
0.106520
0.141172
0.123381
0.232730
0.154566
0.150838
0.173909
0.110572
0.211363
0.134779
0.180538
0.208390
0.094342
0.033181
0.095626
0.168790
0.179565
0.150384
0.176063
0.075352
0.113052
0.144243
0.123855
0.117192
0.140640
0.143710
0.131804
0.264964
0.128468
0.113555
0.062798
0.230533
0.112455
0.190546
0.249427
0.114381
0.081742
0.152474
0.230768
0.178578
0.146376
0.093781
0.114050
0.231636
0.127870
0.122694
0.197138
0.212710
0.125373
0.125616
0.298775
0.151032
0.201290
0.192111
0.128510
0.104843
0.143930
0.253670
0.101584
0.226648
0.126167
0.062058
0.184496
0.057004
0.178342
0.243673
0.127333
0.324224
0.241532
0.104962
0.205844
0.126918
0.189202
0.147500
0.188549
0.265711
0.219160
0.268246
0.060053
0.109222
0.307325
0.088351
0.099441
0.265064
0.161191
0.108171
0.238599
0.195242
0.128241
0.180771
0.240271
0.095011
0.312112
0.152549
0.040838
0.128966
0.209497
0.081962
0.139595
0.141939
0.185307
0.137259
0.269930
0.054831
0.103424
0.186566
0.049780
0.069366
0.147912
0.107840
0.206944
0.099042
0.146489
0.047506
0.089479
0.080174
0.274393
0.053861
0.092295
0.156433
0.022269
0.119044
0.028353
0.177677
0.127650
0.120451
0.175351
0.055225
0.150844
0.106143
0.159509
0.068419
0.149215
0.073333
0.103050
0.100794
0.137252
0.172100
0.120816
0.127998
0.149633
0.108683
0.174919
0.128828
0.172585
0.089842
0.199775
0.194138
0.153952
0.163533
0.066729
0.165601
0.183094
0.084089
0.148577
0.137622
0.149954
0.149724
0.038415
0.170167
0.195073
0.052412
0.280181
0.175881
0.091034
0.169084
0.172344
0.182813
0.069943
0.102790
0.144962
0.190420
0.078185
0.127393
0.121319
0.192887
0.113424
0.107050
0.069742
0.245090
0.184864
0.114978
0.110318
0.075878
0.147844
0.065604
0.111344
0.222356
0.194518
0.113714
0.184398
0.105889
0.136792
0.169810
0.211006
0.096686
0.262539
0.060932
0.211675
0.044823
0.160330
0.139100
0.149031
0.109617
0.136439
0.110104
0.159298
0.078911
0.175454
0.214057
0.120660
0.200782
0.135249
0.163103
0.104470
0.098436
0.098362
0.099493
0.145788
0.186061
0.160999
0.083602
0.113674
0.121982
0.146954
0.097968
0.168588
0.162968
0.189726
0.125721
0.144537
0.174032
0.078208
0.202102
0.099843
0.246855
0.061296
0.156204
0.149646
0.079773
0.169368
0.097455
0.259364
0.153146
0.030019
0.217050
0.178829
0.066688
0.150324
0.175083
0.118152
0.242479
0.111407
0.270740
0.181140
0.161115
0.191491
0.159402
0.111432
0.078868
0.119432
0.064843
0.292550
0.176331
0.043912
0.127518
0.135304
0.177335
0.094761
0.080239
0.243258
0.105376
0.287785
0.224101
0.091950
0.296152
0.182101
0.150639
0.022097
0.031038
0.217663
0.064082
0.271535
0.115198
0.177078
0.124155
0.192905
0.116949
0.186735
0.289689
0.009491
0.249352
0.131587
0.042611
0.141931
0.226503
0.205191
0.199345
0.036456
0.077060
0.114038
0.073115
0.222814
0.045963
0.101994
0.138170
0.191125
0.030621
0.104487
0.078220
0.166872
0.189310
0.047516
0.248559
0.241700
0.074957
0.014502
0.127799
0.173359
0.059511
0.164912
0.176284
0.124179
0.130217
0.276319
0.074816
0.072888
0.183165
0.241877
0.185998
0.173747
0.130761
0.112704
0.099034
0.230610
0.099095
0.194577
0.057157
0.171647
0.145000
0.065878
0.110042
0.085868
0.279899
0.142247
0.171092
0.100512
0.037899
0.282340
0.280275
0.151389
0.104674
0.125992
0.105985
0.085550
0.138122
0.262921
0.167530
0.270683
0.164171
0.140269
0.153059
0.193393
0.069820
0.125091
0.127599
0.212279
0.076817
0.266744
0.199774
0.149741
0.155155
0.164399
0.046028
0.078702
0.196710
0.134039
0.087991
0.131180
0.196336
0.104397
0.099918
0.104121
0.076834
0.152590
0.060610
0.094604
0.182155
0.320528
0.143445
0.039558
0.114911
0.154659
0.123918
0.110203
0.184454
0.091034
0.206629
0.265825
0.055985
0.194699
0.123792
0.094611
0.062576
0.064185
0.175740
0.187397
0.224053
0.269998
0.116680
0.136764
0.205957
0.178327
0.174460
0.243164
0.154419
0.193263
0.059995
0.208751
0.079640
0.073413
0.149230
0.099487
0.217727
0.211031
0.187307
0.173348
0.222590
0.201897
0.192984
0.121189
0.157402
0.161144
0.187533
0.124672
0.029212
0.169440
0.067589
0.200743
0.148131
0.188405
0.159488
0.123449
0.210047
0.101731
0.184507
0.044401
0.079779
0.091397
0.126703
0.111512
0.107170
0.153481
0.106653
0.168484
0.099370
0.116141
0.183450
0.106888
0.082397
0.175447
0.225475
0.188672
0.156337
0.096061
0.121828
0.149932
0.093820
0.150750
0.075534
0.262404
0.244140
0.187838
0.191854
0.131805
0.165981
0.243606
0.029454
0.102766
0.165837
0.068586
0.217849
0.216662
0.097002
0.069663
0.161871
0.045951
0.133586
0.019274
0.120839
0.116505
0.143287
0.208389
0.095912
0.190383
0.070899
0.089048
0.220523
0.204976
0.121769
0.149540
0.061292
0.169304
0.101078
0.145080
0.156564
0.033180
0.103852
0.015575
0.187974
0.103821
0.144055
0.168223
0.046730
0.127256
0.061583
0.121096
0.057602
0.181984
0.129076
0.057716
0.111865
0.199180
0.136074
0.110317
0.118020
0.101557
0.106217
0.034368
0.104241
0.074994
0.181880
0.172490
0.081044
0.118833
0.036312
0.185648
0.102604
0.207874
0.175122
0.111151
0.093787
0.051123
0.115871
0.131133
0.151366
0.082335
0.044577
0.176470
0.141566
0.045901
0.084707
0.162097
0.304957
0.194259
0.218267
0.158441
0.129370
0.194402
0.044852
0.165744
0.119180
0.097130
0.139544
0.140269
0.166435
0.167189
0.180333
0.070279
0.231017
0.180279
0.104078
0.226877
0.106647
0.104412
0.093423
0.100153
0.200722
0.167961
0.130103
0.222535
0.131216
0.251401
0.204640
0.112051
0.187696
0.119398
0.108367
0.099899
0.046229
0.201240
0.124260
0.272137
0.220723
0.147926
0.102017
0.090689
0.084556
0.213192
0.110435
0.163345
0.080894
0.032604
0.247262
0.048547
0.145082
0.083849
0.263128
0.183849
0.072369
0.089754
0.132966
0.248775
0.060143
0.227706
0.119791
0.320847
0.222481
0.194330
0.120735
0.106770
0.140933
0.223730
0.206380
0.278910
0.145245
0.192056
0.052974
0.223769
0.213413
0.063990
0.240122
0.098049
0.195822
0.095881
0.031323
0.118224
0.099479
0.195589
0.200625
0.201740
0.164005
0.202767
0.090609
0.077454
0.219594
0.140690
0.199200
0.240276
0.209663
0.126030
0.075197
0.093791
0.239768
0.115418
0.174257
0.153676
0.106641
0.204076
0.187952
0.223139
0.297720
0.129866
0.179382
0.119875
0.246944
0.072701
0.215918
0.199796
0.137126
0.277427
0.125291
0.051305
0.174703
0.155459
0.088699
0.220361
0.195356
0.167670
0.181879
0.204079
0.284424
0.195727
0.162135
0.129323
0.170639
0.175341
0.172976
0.259075
0.127794
0.219792
0.281798
0.064056
0.121589
0.278289
0.218591
0.113247
0.234325
0.249848
0.185255
0.196463
0.064696
0.173264
0.178174
0.128019
0.069945
0.109744
0.214981
0.117323
0.263241
0.042866
0.050815
0.170421
0.043233
0.166967
0.247710
0.090288
0.244808
0.129550
0.079589
0.086575
0.250796
0.213116
0.171731
0.217983
0.153934
0.180560
0.043071
0.210171
0.171945
0.129419
0.184518
0.173811
0.231881
0.197193
0.184965
0.219755
0.207203
0.161538
0.119447
0.070793
0.068772
0.126845
0.314734
0.082573
0.153938
0.201829
0.178896
0.214568
0.093462
0.135992
0.136236
0.133084
0.195081
0.133338
0.202911
0.084211
0.093167
0.163755
0.283071
0.271860
0.033534
0.151482
0.212225
0.100893
0.145890
0.129164
0.149066
0.217064
0.033884
0.187391
0.129000
0.114953
0.110601
0.220698
0.282396
0.287784
0.267820
0.085318
0.105544
0.094867
0.164498
0.088636
0.088781
0.148214
0.182684
0.111331
0.166483
0.157993
0.108165
0.086317
0.132796
0.141303
0.081894
0.240880
0.170758
0.124224
0.102963
0.177622
0.184607
0.064132
0.066230
0.042636
0.059241
0.138407
0.091403
0.183516
0.049154
0.103752
0.195683
0.220079
0.112224
0.094818
0.104225
0.143985
0.073774
0.243648
0.029320
0.110698
0.102738
0.075613
0.295756
0.105181
0.055475
0.147434
0.100726
0.143574
0.141903
0.212728
0.202755
0.125255
0.102585
0.149082
0.202089
0.321862
0.235594
0.120217
0.070105
0.096008
0.111886
0.092641
0.179412
0.119732
0.177045
0.052636
0.080206
0.105682
0.104447
0.126473
0.221047
0.074950
0.147321
0.196489
0.221272
0.134284
0.026299
0.079935
0.106211
0.159263
0.094239
0.289632
0.058799
0.065161
0.182820
0.178615
0.106358
0.149278
0.170553
0.105147
0.290393
0.113556
0.111898
0.074212
0.177186
0.193369
0.142503
0.186569
0.097285
0.188810
0.091443
0.102579
0.161891
0.170547
0.194609
0.184501
0.085931
0.121917
0.169217
0.276906
0.190762
0.161700
0.158255
0.030950
0.110948
0.083909
0.234278
0.151952
0.249035
0.206086
0.178251
0.224131
0.130680
0.047366
0.164097
0.234124
0.100907
0.124004
0.089235
0.163894
0.124126
0.148992
0.117396
0.109619
0.145850
0.090050
0.170412
0.173140
0.201383
0.074349
0.091633
0.213045
0.113703
0.244715
0.112111
0.175522
0.119734
0.183614
0.150393
0.229546
0.088089
0.053485
0.187979
0.079006
0.143661
0.082096
0.145119
0.050538
0.096339
0.235276
0.192373
0.075339
0.204557
0.187312
0.232868
0.093161
0.263465
0.190052
0.232774
0.093993
0.201254
0.162297
0.208417
0.152264
0.078755
0.191637
0.284592
0.224896
0.172717
0.213763
0.081566
0.184179
0.132642
0.130639
0.119253
0.177291
0.306039
0.157479
0.147254
0.121359
0.106321
0.243304
0.228430
0.096316
0.097676
0.300881
0.133651
0.245394
0.131606
0.075664
0.095228
0.130220
0.202235
0.209147
0.116419
0.182306
0.116420
0.126194
0.176295
0.163057
0.159829
0.196205
0.238738
0.078093
0.224553
0.161066
0.211995
0.185821
0.287403
0.162033
0.228440
0.058872
0.170235
0.045885
0.127538
0.083747
0.022825
0.209953
0.192689
0.041106
0.055407
0.179607
0.178654
0.178291
0.091142
0.151965
0.138095
0.134001
0.135762
0.135497
0.103079
0.158139
0.236625
0.098447
0.134553
0.116558
0.041148
0.076603
0.217394
0.079039
0.059209
0.180831
0.183454
0.129366
0.204549
0.080677
0.113513
0.159168
0.082416
0.271550
0.116924
0.242112
0.249296
0.176167
0.120013
0.167869
0.108083
0.208760
0.121970
0.129031
0.129685
0.105257
0.096898
0.052096
0.221646
0.117216
0.027269
0.057691
0.164786
0.084205
0.088708
0.150261
0.059717
0.137774
0.156331
0.054851
0.045657
0.108447
0.135151
0.209448
0.130055
0.203169
0.056305
0.175518
0.122522
0.121543
0.023796
0.068672
0.075304
0.090958
0.154551
0.116898
0.111965
0.182574
0.234220
0.139232
0.235059
0.100283
0.236087
0.099909
0.066257
0.131497
0.073477
0.116735
0.034438
0.179667
0.223150
0.072954
0.152499
0.114450
0.136752
0.153086
0.181326
0.114450
0.148624
0.098565
0.182924
0.119855
0.061211
0.121500
0.071090
0.083797
0.060441
0.238314
0.186352
0.097946
0.090118
0.075443
0.211537
0.224958
0.020000
0.166040
0.068658
0.042538
0.175978
0.123665
0.147879
0.050695
0.070480
0.148548
0.113219
0.065384
0.113970
0.166483
0.173767
0.149507
0.102910
0.137035
0.111013
0.061439
0.262758
0.251159
0.084917
0.101111
0.087153
0.164880
0.097495
0.147799
0.219726
0.093689
0.149985
0.102056
0.120203
0.122750
0.082926
0.162878
0.074424
0.108355
0.147605
0.180835
0.188500
0.215343
0.161468
0.181952
0.270119
0.119004
0.121798
0.097192
0.202593
0.139005
0.100586
0.087324
0.079870
0.047580
0.228565
0.174135
0.101250
0.219794
0.064651
0.198850
0.077824
0.292690
0.116439
0.117520
0.181447
0.118568
0.143953
0.124351
0.082484
0.046392
0.132493
0.154081
0.204267
0.107614
0.267803
0.105191
0.126047
0.250462
0.056270
0.150774
0.151724
0.179133
0.290112
0.137015
0.135100
0.061068
0.063188
0.114165
0.142215
0.156043
0.124290
0.029272
0.215637
0.164895
0.228395
0.082086
0.158736
0.082086
0.203574
0.179437
0.151322
0.238928
0.063437
0.080096
0.129573
0.130603
0.128035
0.121329
0.206226
0.081435
0.172826
0.209295
0.170620
0.102419
0.109247
0.053077
0.121432
0.183007
0.204857
0.261524
0.133214
0.121808
0.174050
0.172983
0.089533
0.122807
0.087865
0.043570
0.159054
0.210131
0.240580
0.115573
0.091722
0.210768
0.151194
0.129775
0.149244
0.140939
0.187040
0.200736
0.194997
0.084986
0.179967
0.115083
0.123026
0.215280
0.200508
0.143280
0.247468
0.084591
0.105436
0.056387
0.067662
0.215842
0.179156
0.095660
0.154659
0.185926
0.216823
0.126316
0.087897
0.137270
0.040906
0.183109
0.230794
0.096061
0.183484
0.143188
0.094749
0.126939
0.290128
0.166083
0.160061
0.158671
0.177526
0.203586
0.120032
0.093405
0.170762
0.186759
0.076167
0.080002
0.111595
0.160094
0.138271
0.274207
0.072568
0.219217
0.181472
0.159212
0.190335
0.235144
0.162962
0.229057
0.107226
0.220026
0.201729
0.168348
0.049509
0.119880
0.112359
0.126882
0.147107
0.113985
0.089254
0.174544
0.029447
0.298887
0.118851
0.128864
0.072280
0.107916
0.196719
0.134505
0.195989
0.083222
0.200788
0.137597
0.080069
0.208572
0.143425
0.199860
0.233094
0.088750
0.138561
0.118288
0.057897
0.129714
0.131374
0.147616
0.056760
0.194674
0.172835
0.096482
0.115319
0.228185
0.136771
0.177632
0.103832
0.117840
0.102094
0.121001
0.110753
0.114570
0.255969
0.188543
0.050716
0.186038
0.171034
0.131424
0.067595
0.132606
0.071000
0.158662
0.150642
0.171684
0.125390
0.078601
0.238124
0.142742
0.188869
0.147293
0.061253
0.223225
0.234896
0.160690
0.255126
0.119129
0.171586
0.196390
0.049042
0.021764
0.184785
0.080689
0.184381
0.078455
0.081800
0.102672
0.252571
0.149527
0.133110
0.228938
0.073814
0.053415
0.071476
0.056251
0.220340
0.318050
0.121472
0.062365
0.207630
0.071235
0.118393
0.107665
0.203578
0.271781
0.198681
0.039823
0.169602
0.146930
0.097589
0.185832
0.087464
0.181719
0.144367
0.107894
0.298082
0.187085
0.205355
0.093316
0.110608
0.202490
0.096689
0.213765
0.189538
0.086821
0.121613
0.222881
0.109049
0.066702
0.164832
0.154191
0.056867
0.085925
0.209957
0.169123
0.173718
0.085389
0.150784
0.162770
0.085210
0.109042
0.106074
0.054052
0.054780
0.196236
0.234775
0.209917
0.166839
0.172674
0.046695
0.118301
0.143123
0.272576
0.118752
0.174482
0.136789
0.039153
0.144220
0.076636
0.226494
0.197740
0.149367
0.130411
0.214769
0.134316
0.060328
0.257923
0.050139
0.143203
0.131232
0.172951
0.133201
0.082849
0.167848
0.221237
0.158154
0.073724
0.119417
0.138620
0.193781
0.068483
0.157460
0.152698
0.081981
0.214426
0.275491
0.126643
0.061322
0.182297
0.163084
0.171737
0.188616
0.204431
0.121479
0.205894
0.160818
0.094732
0.103579
0.232893
0.101447
0.277901
0.171555
0.131674
0.230844
0.145611
0.162428
0.087749
0.126512
0.094590
0.056427
0.139929
0.118108
0.080132
0.174360
0.097214
0.227710
0.154510
0.207254
0.221460
0.206367
0.127351
0.181713
0.113564
0.236548
0.126510
0.123566
0.161889
0.197402
0.062806
0.213392
0.199965
0.072087
0.117448
0.112348
0.196183
0.116313
0.214801
0.171268
0.209128
0.131638
0.047122
0.066985
0.084800
0.181221
0.292392
0.113428
0.129047
0.046198
0.102296
0.137148
0.254685
0.127660
0.113904
0.194187
0.118075
0.208505
0.261609
0.210253
0.126949
0.187757
0.279329
0.148257
0.219726
0.119663
0.249276
0.108272
0.141405
0.139367
0.191774
0.100323
0.265807
0.110091
0.151835
0.065407
0.181354
0.165468
0.153700
0.134675
0.158709
0.142118
0.158116
0.106213
0.066703
0.159551
0.242607
0.066725
0.149532
0.093017
0.091693
0.061476
0.228057
0.092288
0.083170
0.149779
0.076380
0.187897
0.114838
0.095613
0.202987
0.110432
0.242210
0.055764
0.136923
0.212711
0.119872
0.043606
0.156877
0.077300
0.110963
0.096809
0.109265
0.119231
0.202662
0.130609
0.107724
0.148178
0.116638
0.150089
0.038516
0.083747
0.124485
0.275296
0.202603
0.121601
0.082284
0.171383
0.198260
0.161483
0.175777
0.203879
0.121634
0.134495
0.177600
0.188360
0.161576
0.087920
0.188035
0.347522
0.246525
0.151000
0.208148
0.077217
0.174112
0.241433
0.136940
0.102682
0.170821
0.123602
0.132152
0.083867
0.146268
0.130874
0.054747
0.149117
0.116383
0.214920
0.143275
0.052450
0.241805
0.191724
0.053299
0.118349
0.057337
0.087092
0.054051
0.148804
0.068792
0.127302
0.145906
0.120054
0.106896
0.066926
0.113667
0.155357
0.116165
0.047847
0.169504
0.188327
0.222826
0.067039
0.055820
0.206361
0.034594
0.092183
0.100213
0.130247
0.127497
0.101501
0.213123
0.252086
0.243429
0.243099
0.153242
0.072452
0.138969
0.248304
0.242226
0.164885
0.117913
0.103848
0.141647
0.064696
0.128276
0.099395
0.172954
0.167755
0.168695
0.110549
0.178436
0.075653
0.141623
0.295282
0.056088
0.235389
0.217536
0.047229
0.169397
0.299261
0.101152
0.181986
0.103745
0.092039
0.203647
0.316521
0.159915
0.091983
0.171679
0.250643
0.141676
0.127646
0.115783
0.052466
0.205327
0.137258
0.173614
0.119708
0.095120
0.175966
0.125145
0.195307
0.182592
0.161359
0.112767
0.169093
0.215535
0.182228
0.249659
0.162094
0.131787
0.123959
0.301929
0.169161
0.120111
0.092128
0.083719
0.276005
0.128942
0.106508
0.109912
0.240364
0.089292
0.161618
0.108934
0.172059
0.254137
0.151132
0.114339
0.018207
0.219270
0.159047
0.156288
0.119461
0.192710
0.074603
0.124349
0.114158
0.045342
0.155553
0.088307
0.195648
0.151526
0.170723
0.126921
0.116174
0.097977
0.198923
0.074090
0.160291
0.127401
0.276389
0.082932
0.047585
0.214024
0.112937
0.158153
0.130881
0.177396
0.184684
0.281884
0.219954
0.284123
0.216820
0.072160
0.119696
0.168535
0.145835
0.130222
0.112867
0.244042
0.077012
0.285455
0.102890
0.144465
0.264050
0.216897
0.107118
0.060760
0.135468
0.194122
0.183758
0.193333
0.183773
0.070370
0.097370
0.155917
0.098387
0.171585
0.124353
0.071372
0.149246
0.091906
0.101807
0.148054
0.256294
0.185655
0.176162
0.259937
0.232213
0.228732
0.054611
0.112777
0.135558
0.152664
0.152649
0.199456
0.146743
0.316644
0.151211
0.059557
0.102724
0.098142
0.064105
0.224771
0.270695
0.199916
0.130067
0.178315
0.157953
0.259208
0.230299
0.054552
0.207752
0.146379
0.064463
0.178352
0.085494
0.096462
0.141636
0.103026
0.253835
0.169244
0.066389
0.131364
0.094018
0.099272
0.119541
0.208501
0.176998
0.090668
0.171626
0.098113
0.276696
0.237245
0.158923
0.135631
0.158331
0.151690
0.111854
0.079963
0.109386
0.109192
0.015301
0.178676
0.130031
0.211580
0.229265
0.200166
0.245090
0.254521
0.116275
0.138810
0.242063
0.177012
0.065958
0.078548
0.128526
0.121626
0.161875
0.187067
0.210088
0.106254
0.198247
0.177639
0.172692
0.237093
0.125340
0.287922
0.210692
0.143758
0.038589
0.083894
0.200737
0.207744
0.165616
0.029326
0.235164
0.202333
0.099551
0.154918
0.117218
0.162611
0.175537
0.102195
0.190195
0.064085
0.241893
0.140858
0.192449
0.040142
0.035656
0.170675
0.193587
0.155858
0.121033
0.111622
0.135356
0.138583
0.123126
0.068407
0.163741
0.197932
0.160124
0.186311
0.064237
0.282804
0.104716
0.034630
0.168926
0.194245
0.162112
0.155298
0.063102
0.167841
0.166316
0.261422
0.082396
0.008397
0.127536
0.057467
0.099933
0.139548
0.131715
0.179224
0.203617
0.093458
0.203412
0.053287
0.030750
0.253085
0.164896
0.254716
0.057762
0.130270
0.082113
0.070018
0.208539
0.241618
0.169931
0.209252
0.093638
0.295948
0.167182
0.319815
0.118700
0.180581
0.173743
0.278858
0.076598
0.326493
0.070169
0.055168
0.071981
0.122831
0.103191
0.250041
0.070351
0.053914
0.221928
0.146981
0.154582
0.188784
0.194346
0.109925
0.080391
0.232809
0.083951
0.056606
0.058356
0.149451
0.130495
0.185056
0.123520
0.082438
0.184636
0.227782
0.175530
0.142988
0.136528
0.184460
0.158471
0.167482
0.219938
0.180094
0.127148
0.132046
0.136985
0.097826
0.135652
0.198123
0.143280
0.088084
0.073143
0.110880
0.147229
0.165993
0.080422
0.180559
0.111581
0.128798
0.081831
0.181176
0.199847
0.301554
0.165239
0.095806
0.110240
0.139681
0.123367
0.267744
0.177245
0.063910
0.138485
0.082846
0.085156
0.087992
0.164280
0.265015
0.218405
0.128897
0.082522
0.199483
0.239462
0.227162
0.169017
0.205844
0.068227
0.099091
0.197547
0.196527
0.127671
0.078220
0.100217
0.093610
0.195145
0.218300
0.202965
0.093684
0.244657
0.225011
0.240405
0.209075
0.146261
0.155748
0.175063
0.118178
0.122051
0.178560
0.196249
0.125587
0.248892
0.103277
0.214117
0.069841
0.080966
0.092196
0.196771
0.127904
0.153414
0.152721
0.214634
0.145348
0.087976
0.065715
0.103824
0.054207
0.035746
0.110704
0.173187
0.153342
0.106489
0.184838
0.090536
0.023127
0.166888
0.146364
0.160756
0.173013
0.125045
0.110793
0.043306
0.160265
0.086003
0.252498
0.303513
0.102386
0.285124
0.228637
0.084554
0.184249
0.140731
0.176928
0.096587
0.304270
0.166302
0.107657
0.027830
0.209712
0.170033
0.128858
0.188181
0.225036
0.199622
0.187658
0.254265
0.321832
0.089420
0.181494
0.167606
0.164256
0.088611
0.167790
0.010497
0.209283
0.135801
0.073431
0.188637
0.163404
0.153829
0.174011
0.109828
0.220057
0.041966
0.174944
0.125869
0.113343
0.165282
0.178760
0.172932
0.134944
0.268206
0.116620
0.053110
0.133382
0.166910
0.115544
0.127504
0.084700
0.064445
0.183980
0.264569
0.188870
0.172371
0.247255
0.096633
0.123749
0.100182
0.162483
0.256500
0.143779
0.041758
0.069240
0.182712
0.091162
0.181921
0.044476
0.157021
0.189254
0.105926
0.147347
0.173873
0.102229
0.197650
0.117084
0.216179
0.175161
0.106967
0.105148
0.161741
0.174416
0.160735
0.020944
0.157319
0.199821
0.098665
0.095022
0.175055
0.163002
0.118306
0.306142
0.216992
0.259570
0.173891
0.189025
0.165763
0.121734
0.120110
0.258712
0.147131
0.185706
0.389206
0.097593
0.277924
0.165680
0.136145
0.110196
0.158670
0.095796
0.229887
0.076923
0.308018
0.164685
0.275512
0.161940
0.241430
0.116794
0.146477
0.142202
0.097454
0.102923
0.116262
0.178242
0.182808
0.045661
0.106593
0.230825
0.112100
0.125867
0.127990
0.128587
0.103501
0.087299
0.135097
0.308330
0.211714
0.085053
0.170168
0.082377
0.183124
0.136829
0.171981
0.128903
0.083213
0.245088
0.071707
0.155582
0.154832
0.084872
0.126962
0.133993
0.172575
0.144367
0.183949
0.104274
0.166391
0.121971
0.150543
0.143544
0.154151
0.190325
0.136337
0.066220
0.144695
0.162360
0.174820
0.158766
0.148691
0.219720
0.232446
0.215209
0.086118
0.036683
0.190623
0.218815
0.236073
0.177771
0.234995
0.194856
0.161374
0.096116
0.075923
0.091294
0.173027
0.048587
0.186495
0.178541
0.066755
0.070129
0.167914
0.075142
0.172406
0.184607
0.079148
0.113276
0.119348
0.148826
0.034882
0.234625
0.110175
0.170024
0.132997
0.106110
0.142111
0.143245
0.166792
0.101186
0.115939
0.209894
0.114121
0.159347
0.149248
0.171833
0.209187
0.087049
0.136101
0.240045
0.227823
0.074721
0.124869
0.153760
0.205727
0.163306
0.056610
0.246849
0.204790
0.242771
0.158533
0.225015
0.096006
0.096520
0.094330
0.140025
0.170486
0.244812
0.118732
0.108910
0.140809
0.102966
0.038399
0.204261
0.170730
0.144965
0.192987
0.068532
0.095787
0.194717
0.190402
0.184948
0.085992
0.067426
0.215480
0.307201
0.107654
0.106916
0.087824
0.132580
0.196164
0.133601
0.175486
0.192781
0.180292
0.074511
0.060332
0.110196
0.080335
0.140487
0.124564
0.169052
0.071530
0.083751
0.288507
0.052047
0.168584
0.092488
0.056316
0.134513
0.096073
0.147175
0.168564
0.162389
0.093811
0.216915
0.142382
0.182800
0.071960
0.047362
0.208131
0.120861
0.120856
0.172284
0.173127
0.043598
0.142830
0.093445
0.147239
0.127084
0.149880
0.227253
0.154544
0.183808
0.123293
0.109366
0.135394
0.283724
0.074020
0.167608
0.238053
0.128654
0.217123
0.104985
0.186007
0.057376
0.180619
0.243073
0.167332
0.138120
0.184353
0.157179
0.118588
0.166618
0.111672
0.226629
0.181843
0.147680
0.241613
0.164590
0.173176
0.150563
0.208532
0.093318
0.200589
0.132888
0.178402
0.122069
0.085228
0.221345
0.253664
0.130161
0.169679
0.151090
0.127213
0.292650
0.157477
0.174122
0.124637
0.081307
0.173993
0.047113
0.057048
0.177343
0.150872
0.155936
0.204260
0.093275
0.230549
0.043400
0.174812
0.081427
